{
 "cells": [
  {
   "cell_type": "code",
   "execution_count": 1,
   "metadata": {},
   "outputs": [],
   "source": [
    "import yfinance as yf\n",
    "import numpy as np\n",
    "from datetime import datetime, timedelta\n",
    "import pandas as pd"
   ]
  },
  {
   "cell_type": "code",
   "execution_count": 2,
   "metadata": {},
   "outputs": [],
   "source": [
    "# CHOSEN PORTFOLIO:  'SPOT', 'NVDA', 'GOOGL', 'TSLA', 'FSLR', 'GOVT', 'O',\n",
    "ticker = 'SPOT' ,'AKR', 'AMT', 'FSLR', 'GOVT', 'GLD', 'JNJ', 'TSLA', 'BSX', 'ISRG', 'UNH', 'NVDA'\n",
    "end_date = datetime.today()\n",
    "years_back = 5\n",
    "start_date = end_date - timedelta(years_back*365)"
   ]
  },
  {
   "cell_type": "code",
   "execution_count": 3,
   "metadata": {},
   "outputs": [
    {
     "name": "stderr",
     "output_type": "stream",
     "text": [
      "[*********************100%%**********************]  12 of 12 completed\n",
      "C:\\Users\\jedre\\AppData\\Local\\Temp\\ipykernel_22176\\1458697423.py:2: FutureWarning: DataFrame.fillna with 'method' is deprecated and will raise in a future version. Use obj.ffill() or obj.bfill() instead.\n",
      "  prices = prices.fillna(method='bfill')\n"
     ]
    },
    {
     "data": {
      "text/html": [
       "<div>\n",
       "<style scoped>\n",
       "    .dataframe tbody tr th:only-of-type {\n",
       "        vertical-align: middle;\n",
       "    }\n",
       "\n",
       "    .dataframe tbody tr th {\n",
       "        vertical-align: top;\n",
       "    }\n",
       "\n",
       "    .dataframe thead th {\n",
       "        text-align: right;\n",
       "    }\n",
       "</style>\n",
       "<table border=\"1\" class=\"dataframe\">\n",
       "  <thead>\n",
       "    <tr style=\"text-align: right;\">\n",
       "      <th>Ticker</th>\n",
       "      <th>AKR</th>\n",
       "      <th>AMT</th>\n",
       "      <th>BSX</th>\n",
       "      <th>FSLR</th>\n",
       "      <th>GLD</th>\n",
       "      <th>GOVT</th>\n",
       "      <th>ISRG</th>\n",
       "      <th>JNJ</th>\n",
       "      <th>NVDA</th>\n",
       "      <th>SPOT</th>\n",
       "      <th>TSLA</th>\n",
       "      <th>UNH</th>\n",
       "    </tr>\n",
       "    <tr>\n",
       "      <th>Date</th>\n",
       "      <th></th>\n",
       "      <th></th>\n",
       "      <th></th>\n",
       "      <th></th>\n",
       "      <th></th>\n",
       "      <th></th>\n",
       "      <th></th>\n",
       "      <th></th>\n",
       "      <th></th>\n",
       "      <th></th>\n",
       "      <th></th>\n",
       "      <th></th>\n",
       "    </tr>\n",
       "  </thead>\n",
       "  <tbody>\n",
       "    <tr>\n",
       "      <th>2019-10-24</th>\n",
       "      <td>23.739716</td>\n",
       "      <td>196.883514</td>\n",
       "      <td>40.540001</td>\n",
       "      <td>55.889999</td>\n",
       "      <td>141.529999</td>\n",
       "      <td>23.604824</td>\n",
       "      <td>182.649994</td>\n",
       "      <td>111.107147</td>\n",
       "      <td>4.897678</td>\n",
       "      <td>118.830002</td>\n",
       "      <td>19.978666</td>\n",
       "      <td>227.183365</td>\n",
       "    </tr>\n",
       "    <tr>\n",
       "      <th>2019-10-25</th>\n",
       "      <td>23.316385</td>\n",
       "      <td>190.892502</td>\n",
       "      <td>40.849998</td>\n",
       "      <td>52.660000</td>\n",
       "      <td>141.860001</td>\n",
       "      <td>23.550695</td>\n",
       "      <td>183.089996</td>\n",
       "      <td>111.847855</td>\n",
       "      <td>5.088749</td>\n",
       "      <td>120.690002</td>\n",
       "      <td>21.875334</td>\n",
       "      <td>227.555038</td>\n",
       "    </tr>\n",
       "    <tr>\n",
       "      <th>2019-10-28</th>\n",
       "      <td>23.183575</td>\n",
       "      <td>185.676834</td>\n",
       "      <td>41.570000</td>\n",
       "      <td>53.240002</td>\n",
       "      <td>140.639999</td>\n",
       "      <td>23.487532</td>\n",
       "      <td>186.216660</td>\n",
       "      <td>112.571144</td>\n",
       "      <td>5.144726</td>\n",
       "      <td>140.199997</td>\n",
       "      <td>21.847334</td>\n",
       "      <td>229.543350</td>\n",
       "    </tr>\n",
       "    <tr>\n",
       "      <th>2019-10-29</th>\n",
       "      <td>23.258278</td>\n",
       "      <td>190.443222</td>\n",
       "      <td>41.750000</td>\n",
       "      <td>53.290001</td>\n",
       "      <td>140.250000</td>\n",
       "      <td>23.487532</td>\n",
       "      <td>185.389999</td>\n",
       "      <td>112.518860</td>\n",
       "      <td>5.048445</td>\n",
       "      <td>135.990005</td>\n",
       "      <td>21.081333</td>\n",
       "      <td>234.412048</td>\n",
       "    </tr>\n",
       "    <tr>\n",
       "      <th>2019-10-30</th>\n",
       "      <td>23.515598</td>\n",
       "      <td>191.394730</td>\n",
       "      <td>42.009998</td>\n",
       "      <td>51.849998</td>\n",
       "      <td>141.020004</td>\n",
       "      <td>23.586788</td>\n",
       "      <td>185.440002</td>\n",
       "      <td>115.760567</td>\n",
       "      <td>5.050435</td>\n",
       "      <td>140.449997</td>\n",
       "      <td>21.000668</td>\n",
       "      <td>236.744171</td>\n",
       "    </tr>\n",
       "  </tbody>\n",
       "</table>\n",
       "</div>"
      ],
      "text/plain": [
       "Ticker            AKR         AMT        BSX       FSLR         GLD  \\\n",
       "Date                                                                  \n",
       "2019-10-24  23.739716  196.883514  40.540001  55.889999  141.529999   \n",
       "2019-10-25  23.316385  190.892502  40.849998  52.660000  141.860001   \n",
       "2019-10-28  23.183575  185.676834  41.570000  53.240002  140.639999   \n",
       "2019-10-29  23.258278  190.443222  41.750000  53.290001  140.250000   \n",
       "2019-10-30  23.515598  191.394730  42.009998  51.849998  141.020004   \n",
       "\n",
       "Ticker           GOVT        ISRG         JNJ      NVDA        SPOT  \\\n",
       "Date                                                                  \n",
       "2019-10-24  23.604824  182.649994  111.107147  4.897678  118.830002   \n",
       "2019-10-25  23.550695  183.089996  111.847855  5.088749  120.690002   \n",
       "2019-10-28  23.487532  186.216660  112.571144  5.144726  140.199997   \n",
       "2019-10-29  23.487532  185.389999  112.518860  5.048445  135.990005   \n",
       "2019-10-30  23.586788  185.440002  115.760567  5.050435  140.449997   \n",
       "\n",
       "Ticker           TSLA         UNH  \n",
       "Date                               \n",
       "2019-10-24  19.978666  227.183365  \n",
       "2019-10-25  21.875334  227.555038  \n",
       "2019-10-28  21.847334  229.543350  \n",
       "2019-10-29  21.081333  234.412048  \n",
       "2019-10-30  21.000668  236.744171  "
      ]
     },
     "execution_count": 3,
     "metadata": {},
     "output_type": "execute_result"
    }
   ],
   "source": [
    "prices = yf.download(ticker, start = start_date,end = end_date)['Adj Close']\n",
    "prices = prices.fillna(method='bfill')\n",
    "prices.head()"
   ]
  },
  {
   "cell_type": "markdown",
   "metadata": {},
   "source": [
    "Calc log returns"
   ]
  },
  {
   "cell_type": "code",
   "execution_count": 4,
   "metadata": {},
   "outputs": [
    {
     "data": {
      "text/html": [
       "<div>\n",
       "<style scoped>\n",
       "    .dataframe tbody tr th:only-of-type {\n",
       "        vertical-align: middle;\n",
       "    }\n",
       "\n",
       "    .dataframe tbody tr th {\n",
       "        vertical-align: top;\n",
       "    }\n",
       "\n",
       "    .dataframe thead th {\n",
       "        text-align: right;\n",
       "    }\n",
       "</style>\n",
       "<table border=\"1\" class=\"dataframe\">\n",
       "  <thead>\n",
       "    <tr style=\"text-align: right;\">\n",
       "      <th>Ticker</th>\n",
       "      <th>AKR</th>\n",
       "      <th>AMT</th>\n",
       "      <th>BSX</th>\n",
       "      <th>FSLR</th>\n",
       "      <th>GLD</th>\n",
       "      <th>GOVT</th>\n",
       "      <th>ISRG</th>\n",
       "      <th>JNJ</th>\n",
       "      <th>NVDA</th>\n",
       "      <th>SPOT</th>\n",
       "      <th>TSLA</th>\n",
       "      <th>UNH</th>\n",
       "    </tr>\n",
       "    <tr>\n",
       "      <th>Date</th>\n",
       "      <th></th>\n",
       "      <th></th>\n",
       "      <th></th>\n",
       "      <th></th>\n",
       "      <th></th>\n",
       "      <th></th>\n",
       "      <th></th>\n",
       "      <th></th>\n",
       "      <th></th>\n",
       "      <th></th>\n",
       "      <th></th>\n",
       "      <th></th>\n",
       "    </tr>\n",
       "  </thead>\n",
       "  <tbody>\n",
       "    <tr>\n",
       "      <th>2024-10-15</th>\n",
       "      <td>0.023697</td>\n",
       "      <td>0.034273</td>\n",
       "      <td>-0.008949</td>\n",
       "      <td>-0.038748</td>\n",
       "      <td>0.003462</td>\n",
       "      <td>0.004338</td>\n",
       "      <td>-0.018922</td>\n",
       "      <td>0.015352</td>\n",
       "      <td>-0.047994</td>\n",
       "      <td>0.000268</td>\n",
       "      <td>0.001869</td>\n",
       "      <td>-0.084600</td>\n",
       "    </tr>\n",
       "    <tr>\n",
       "      <th>2024-10-16</th>\n",
       "      <td>0.012656</td>\n",
       "      <td>-0.008360</td>\n",
       "      <td>0.002647</td>\n",
       "      <td>0.017861</td>\n",
       "      <td>0.004989</td>\n",
       "      <td>0.000865</td>\n",
       "      <td>-0.003937</td>\n",
       "      <td>0.001096</td>\n",
       "      <td>0.030827</td>\n",
       "      <td>-0.002445</td>\n",
       "      <td>0.007984</td>\n",
       "      <td>0.026695</td>\n",
       "    </tr>\n",
       "    <tr>\n",
       "      <th>2024-10-17</th>\n",
       "      <td>-0.008147</td>\n",
       "      <td>-0.014878</td>\n",
       "      <td>-0.006689</td>\n",
       "      <td>-0.011003</td>\n",
       "      <td>0.005970</td>\n",
       "      <td>-0.004335</td>\n",
       "      <td>-0.006019</td>\n",
       "      <td>0.001156</td>\n",
       "      <td>0.008876</td>\n",
       "      <td>-0.013380</td>\n",
       "      <td>-0.001990</td>\n",
       "      <td>-0.009337</td>\n",
       "    </tr>\n",
       "    <tr>\n",
       "      <th>2024-10-18</th>\n",
       "      <td>0.011791</td>\n",
       "      <td>0.009501</td>\n",
       "      <td>0.018913</td>\n",
       "      <td>-0.013963</td>\n",
       "      <td>0.010562</td>\n",
       "      <td>0.000868</td>\n",
       "      <td>0.095400</td>\n",
       "      <td>0.003944</td>\n",
       "      <td>0.007784</td>\n",
       "      <td>0.032539</td>\n",
       "      <td>-0.000861</td>\n",
       "      <td>0.006305</td>\n",
       "    </tr>\n",
       "    <tr>\n",
       "      <th>2024-10-21</th>\n",
       "      <td>-0.022482</td>\n",
       "      <td>-0.021574</td>\n",
       "      <td>-0.000227</td>\n",
       "      <td>-0.021674</td>\n",
       "      <td>-0.000199</td>\n",
       "      <td>-0.005658</td>\n",
       "      <td>-0.004404</td>\n",
       "      <td>-0.013966</td>\n",
       "      <td>0.040544</td>\n",
       "      <td>0.008123</td>\n",
       "      <td>-0.008418</td>\n",
       "      <td>0.003260</td>\n",
       "    </tr>\n",
       "  </tbody>\n",
       "</table>\n",
       "</div>"
      ],
      "text/plain": [
       "Ticker           AKR       AMT       BSX      FSLR       GLD      GOVT  \\\n",
       "Date                                                                     \n",
       "2024-10-15  0.023697  0.034273 -0.008949 -0.038748  0.003462  0.004338   \n",
       "2024-10-16  0.012656 -0.008360  0.002647  0.017861  0.004989  0.000865   \n",
       "2024-10-17 -0.008147 -0.014878 -0.006689 -0.011003  0.005970 -0.004335   \n",
       "2024-10-18  0.011791  0.009501  0.018913 -0.013963  0.010562  0.000868   \n",
       "2024-10-21 -0.022482 -0.021574 -0.000227 -0.021674 -0.000199 -0.005658   \n",
       "\n",
       "Ticker          ISRG       JNJ      NVDA      SPOT      TSLA       UNH  \n",
       "Date                                                                    \n",
       "2024-10-15 -0.018922  0.015352 -0.047994  0.000268  0.001869 -0.084600  \n",
       "2024-10-16 -0.003937  0.001096  0.030827 -0.002445  0.007984  0.026695  \n",
       "2024-10-17 -0.006019  0.001156  0.008876 -0.013380 -0.001990 -0.009337  \n",
       "2024-10-18  0.095400  0.003944  0.007784  0.032539 -0.000861  0.006305  \n",
       "2024-10-21 -0.004404 -0.013966  0.040544  0.008123 -0.008418  0.003260  "
      ]
     },
     "execution_count": 4,
     "metadata": {},
     "output_type": "execute_result"
    }
   ],
   "source": [
    "log_returns = np.log((prices/prices.shift(1)))\n",
    "log_returns.tail()"
   ]
  },
  {
   "cell_type": "code",
   "execution_count": 5,
   "metadata": {},
   "outputs": [
    {
     "data": {
      "text/plain": [
       "Ticker\n",
       "AKR     0.003773\n",
       "AMT     0.023629\n",
       "BSX     0.155741\n",
       "FSLR    0.252202\n",
       "GLD     0.115221\n",
       "GOVT   -0.005999\n",
       "ISRG    0.209644\n",
       "JNJ     0.076747\n",
       "NVDA    0.678500\n",
       "SPOT    0.234460\n",
       "TSLA    0.480652\n",
       "UNH     0.185226\n",
       "dtype: float64"
      ]
     },
     "execution_count": 5,
     "metadata": {},
     "output_type": "execute_result"
    }
   ],
   "source": [
    "e_r= log_returns.mean()*252\n",
    "e_r"
   ]
  },
  {
   "cell_type": "markdown",
   "metadata": {},
   "source": [
    "### Risk and return"
   ]
  },
  {
   "cell_type": "code",
   "execution_count": 6,
   "metadata": {},
   "outputs": [
    {
     "data": {
      "text/plain": [
       "Ticker\n",
       "AKR     0.428454\n",
       "AMT     0.303369\n",
       "BSX     0.281726\n",
       "FSLR    0.520706\n",
       "GLD     0.152630\n",
       "GOVT    0.062420\n",
       "ISRG    0.354985\n",
       "JNJ     0.195830\n",
       "NVDA    0.533621\n",
       "SPOT    0.499666\n",
       "TSLA    0.655483\n",
       "UNH     0.294225\n",
       "dtype: float64"
      ]
     },
     "execution_count": 6,
     "metadata": {},
     "output_type": "execute_result"
    }
   ],
   "source": [
    "sd = prices.pct_change().apply(lambda x: np.log(1+x)).std().apply(lambda x: x*np.sqrt(252))\n",
    "sd"
   ]
  },
  {
   "cell_type": "markdown",
   "metadata": {},
   "source": [
    "Together"
   ]
  },
  {
   "cell_type": "code",
   "execution_count": 7,
   "metadata": {},
   "outputs": [
    {
     "data": {
      "text/html": [
       "<div>\n",
       "<style scoped>\n",
       "    .dataframe tbody tr th:only-of-type {\n",
       "        vertical-align: middle;\n",
       "    }\n",
       "\n",
       "    .dataframe tbody tr th {\n",
       "        vertical-align: top;\n",
       "    }\n",
       "\n",
       "    .dataframe thead th {\n",
       "        text-align: right;\n",
       "    }\n",
       "</style>\n",
       "<table border=\"1\" class=\"dataframe\">\n",
       "  <thead>\n",
       "    <tr style=\"text-align: right;\">\n",
       "      <th></th>\n",
       "      <th>Return</th>\n",
       "      <th>StDev</th>\n",
       "    </tr>\n",
       "    <tr>\n",
       "      <th>Ticker</th>\n",
       "      <th></th>\n",
       "      <th></th>\n",
       "    </tr>\n",
       "  </thead>\n",
       "  <tbody>\n",
       "    <tr>\n",
       "      <th>AKR</th>\n",
       "      <td>0.003773</td>\n",
       "      <td>0.428454</td>\n",
       "    </tr>\n",
       "    <tr>\n",
       "      <th>AMT</th>\n",
       "      <td>0.023629</td>\n",
       "      <td>0.303369</td>\n",
       "    </tr>\n",
       "    <tr>\n",
       "      <th>BSX</th>\n",
       "      <td>0.155741</td>\n",
       "      <td>0.281726</td>\n",
       "    </tr>\n",
       "    <tr>\n",
       "      <th>FSLR</th>\n",
       "      <td>0.252202</td>\n",
       "      <td>0.520706</td>\n",
       "    </tr>\n",
       "    <tr>\n",
       "      <th>GLD</th>\n",
       "      <td>0.115221</td>\n",
       "      <td>0.152630</td>\n",
       "    </tr>\n",
       "    <tr>\n",
       "      <th>GOVT</th>\n",
       "      <td>-0.005999</td>\n",
       "      <td>0.062420</td>\n",
       "    </tr>\n",
       "    <tr>\n",
       "      <th>ISRG</th>\n",
       "      <td>0.209644</td>\n",
       "      <td>0.354985</td>\n",
       "    </tr>\n",
       "    <tr>\n",
       "      <th>JNJ</th>\n",
       "      <td>0.076747</td>\n",
       "      <td>0.195830</td>\n",
       "    </tr>\n",
       "    <tr>\n",
       "      <th>NVDA</th>\n",
       "      <td>0.678500</td>\n",
       "      <td>0.533621</td>\n",
       "    </tr>\n",
       "    <tr>\n",
       "      <th>SPOT</th>\n",
       "      <td>0.234460</td>\n",
       "      <td>0.499666</td>\n",
       "    </tr>\n",
       "    <tr>\n",
       "      <th>TSLA</th>\n",
       "      <td>0.480652</td>\n",
       "      <td>0.655483</td>\n",
       "    </tr>\n",
       "    <tr>\n",
       "      <th>UNH</th>\n",
       "      <td>0.185226</td>\n",
       "      <td>0.294225</td>\n",
       "    </tr>\n",
       "  </tbody>\n",
       "</table>\n",
       "</div>"
      ],
      "text/plain": [
       "          Return     StDev\n",
       "Ticker                    \n",
       "AKR     0.003773  0.428454\n",
       "AMT     0.023629  0.303369\n",
       "BSX     0.155741  0.281726\n",
       "FSLR    0.252202  0.520706\n",
       "GLD     0.115221  0.152630\n",
       "GOVT   -0.005999  0.062420\n",
       "ISRG    0.209644  0.354985\n",
       "JNJ     0.076747  0.195830\n",
       "NVDA    0.678500  0.533621\n",
       "SPOT    0.234460  0.499666\n",
       "TSLA    0.480652  0.655483\n",
       "UNH     0.185226  0.294225"
      ]
     },
     "execution_count": 7,
     "metadata": {},
     "output_type": "execute_result"
    }
   ],
   "source": [
    "assets = pd.concat([e_r, sd], axis=1)\n",
    "assets.columns = ['Return', 'StDev']\n",
    "assets"
   ]
  },
  {
   "cell_type": "markdown",
   "metadata": {},
   "source": [
    "**Covariance**"
   ]
  },
  {
   "cell_type": "code",
   "execution_count": 8,
   "metadata": {},
   "outputs": [
    {
     "data": {
      "text/html": [
       "<div>\n",
       "<style scoped>\n",
       "    .dataframe tbody tr th:only-of-type {\n",
       "        vertical-align: middle;\n",
       "    }\n",
       "\n",
       "    .dataframe tbody tr th {\n",
       "        vertical-align: top;\n",
       "    }\n",
       "\n",
       "    .dataframe thead th {\n",
       "        text-align: right;\n",
       "    }\n",
       "</style>\n",
       "<table border=\"1\" class=\"dataframe\">\n",
       "  <thead>\n",
       "    <tr style=\"text-align: right;\">\n",
       "      <th>Ticker</th>\n",
       "      <th>AKR</th>\n",
       "      <th>AMT</th>\n",
       "      <th>BSX</th>\n",
       "      <th>FSLR</th>\n",
       "      <th>GLD</th>\n",
       "      <th>GOVT</th>\n",
       "      <th>ISRG</th>\n",
       "      <th>JNJ</th>\n",
       "      <th>NVDA</th>\n",
       "      <th>SPOT</th>\n",
       "      <th>TSLA</th>\n",
       "      <th>UNH</th>\n",
       "    </tr>\n",
       "    <tr>\n",
       "      <th>Ticker</th>\n",
       "      <th></th>\n",
       "      <th></th>\n",
       "      <th></th>\n",
       "      <th></th>\n",
       "      <th></th>\n",
       "      <th></th>\n",
       "      <th></th>\n",
       "      <th></th>\n",
       "      <th></th>\n",
       "      <th></th>\n",
       "      <th></th>\n",
       "      <th></th>\n",
       "    </tr>\n",
       "  </thead>\n",
       "  <tbody>\n",
       "    <tr>\n",
       "      <th>AKR</th>\n",
       "      <td>0.000728</td>\n",
       "      <td>0.000188</td>\n",
       "      <td>0.000221</td>\n",
       "      <td>2.323556e-04</td>\n",
       "      <td>0.000010</td>\n",
       "      <td>-4.179648e-06</td>\n",
       "      <td>0.000218</td>\n",
       "      <td>0.000081</td>\n",
       "      <td>0.000168</td>\n",
       "      <td>0.000142</td>\n",
       "      <td>0.000285</td>\n",
       "      <td>0.000155</td>\n",
       "    </tr>\n",
       "    <tr>\n",
       "      <th>AMT</th>\n",
       "      <td>0.000188</td>\n",
       "      <td>0.000365</td>\n",
       "      <td>0.000155</td>\n",
       "      <td>1.651372e-04</td>\n",
       "      <td>0.000037</td>\n",
       "      <td>6.582075e-06</td>\n",
       "      <td>0.000200</td>\n",
       "      <td>0.000118</td>\n",
       "      <td>0.000204</td>\n",
       "      <td>0.000111</td>\n",
       "      <td>0.000190</td>\n",
       "      <td>0.000155</td>\n",
       "    </tr>\n",
       "    <tr>\n",
       "      <th>BSX</th>\n",
       "      <td>0.000221</td>\n",
       "      <td>0.000155</td>\n",
       "      <td>0.000315</td>\n",
       "      <td>1.461853e-04</td>\n",
       "      <td>0.000012</td>\n",
       "      <td>-9.039588e-06</td>\n",
       "      <td>0.000259</td>\n",
       "      <td>0.000096</td>\n",
       "      <td>0.000221</td>\n",
       "      <td>0.000125</td>\n",
       "      <td>0.000201</td>\n",
       "      <td>0.000161</td>\n",
       "    </tr>\n",
       "    <tr>\n",
       "      <th>FSLR</th>\n",
       "      <td>0.000232</td>\n",
       "      <td>0.000165</td>\n",
       "      <td>0.000146</td>\n",
       "      <td>1.075931e-03</td>\n",
       "      <td>0.000025</td>\n",
       "      <td>4.317094e-07</td>\n",
       "      <td>0.000235</td>\n",
       "      <td>0.000048</td>\n",
       "      <td>0.000367</td>\n",
       "      <td>0.000291</td>\n",
       "      <td>0.000454</td>\n",
       "      <td>0.000089</td>\n",
       "    </tr>\n",
       "    <tr>\n",
       "      <th>GLD</th>\n",
       "      <td>0.000010</td>\n",
       "      <td>0.000037</td>\n",
       "      <td>0.000012</td>\n",
       "      <td>2.549471e-05</td>\n",
       "      <td>0.000092</td>\n",
       "      <td>1.344543e-05</td>\n",
       "      <td>0.000031</td>\n",
       "      <td>0.000008</td>\n",
       "      <td>0.000040</td>\n",
       "      <td>0.000029</td>\n",
       "      <td>0.000035</td>\n",
       "      <td>0.000014</td>\n",
       "    </tr>\n",
       "    <tr>\n",
       "      <th>GOVT</th>\n",
       "      <td>-0.000004</td>\n",
       "      <td>0.000007</td>\n",
       "      <td>-0.000009</td>\n",
       "      <td>4.317094e-07</td>\n",
       "      <td>0.000013</td>\n",
       "      <td>1.546138e-05</td>\n",
       "      <td>-0.000002</td>\n",
       "      <td>-0.000005</td>\n",
       "      <td>-0.000004</td>\n",
       "      <td>0.000005</td>\n",
       "      <td>-0.000004</td>\n",
       "      <td>-0.000009</td>\n",
       "    </tr>\n",
       "    <tr>\n",
       "      <th>ISRG</th>\n",
       "      <td>0.000218</td>\n",
       "      <td>0.000200</td>\n",
       "      <td>0.000259</td>\n",
       "      <td>2.352735e-04</td>\n",
       "      <td>0.000031</td>\n",
       "      <td>-1.949062e-06</td>\n",
       "      <td>0.000500</td>\n",
       "      <td>0.000109</td>\n",
       "      <td>0.000412</td>\n",
       "      <td>0.000290</td>\n",
       "      <td>0.000350</td>\n",
       "      <td>0.000185</td>\n",
       "    </tr>\n",
       "    <tr>\n",
       "      <th>JNJ</th>\n",
       "      <td>0.000081</td>\n",
       "      <td>0.000118</td>\n",
       "      <td>0.000096</td>\n",
       "      <td>4.827367e-05</td>\n",
       "      <td>0.000008</td>\n",
       "      <td>-5.079323e-06</td>\n",
       "      <td>0.000109</td>\n",
       "      <td>0.000152</td>\n",
       "      <td>0.000065</td>\n",
       "      <td>0.000029</td>\n",
       "      <td>0.000048</td>\n",
       "      <td>0.000120</td>\n",
       "    </tr>\n",
       "    <tr>\n",
       "      <th>NVDA</th>\n",
       "      <td>0.000168</td>\n",
       "      <td>0.000204</td>\n",
       "      <td>0.000221</td>\n",
       "      <td>3.666248e-04</td>\n",
       "      <td>0.000040</td>\n",
       "      <td>-4.419950e-06</td>\n",
       "      <td>0.000412</td>\n",
       "      <td>0.000065</td>\n",
       "      <td>0.001130</td>\n",
       "      <td>0.000503</td>\n",
       "      <td>0.000678</td>\n",
       "      <td>0.000186</td>\n",
       "    </tr>\n",
       "    <tr>\n",
       "      <th>SPOT</th>\n",
       "      <td>0.000142</td>\n",
       "      <td>0.000111</td>\n",
       "      <td>0.000125</td>\n",
       "      <td>2.913553e-04</td>\n",
       "      <td>0.000029</td>\n",
       "      <td>4.898428e-06</td>\n",
       "      <td>0.000290</td>\n",
       "      <td>0.000029</td>\n",
       "      <td>0.000503</td>\n",
       "      <td>0.000991</td>\n",
       "      <td>0.000491</td>\n",
       "      <td>0.000079</td>\n",
       "    </tr>\n",
       "    <tr>\n",
       "      <th>TSLA</th>\n",
       "      <td>0.000285</td>\n",
       "      <td>0.000190</td>\n",
       "      <td>0.000201</td>\n",
       "      <td>4.537616e-04</td>\n",
       "      <td>0.000035</td>\n",
       "      <td>-4.161588e-06</td>\n",
       "      <td>0.000350</td>\n",
       "      <td>0.000048</td>\n",
       "      <td>0.000678</td>\n",
       "      <td>0.000491</td>\n",
       "      <td>0.001705</td>\n",
       "      <td>0.000163</td>\n",
       "    </tr>\n",
       "    <tr>\n",
       "      <th>UNH</th>\n",
       "      <td>0.000155</td>\n",
       "      <td>0.000155</td>\n",
       "      <td>0.000161</td>\n",
       "      <td>8.899037e-05</td>\n",
       "      <td>0.000014</td>\n",
       "      <td>-9.378868e-06</td>\n",
       "      <td>0.000185</td>\n",
       "      <td>0.000120</td>\n",
       "      <td>0.000186</td>\n",
       "      <td>0.000079</td>\n",
       "      <td>0.000163</td>\n",
       "      <td>0.000344</td>\n",
       "    </tr>\n",
       "  </tbody>\n",
       "</table>\n",
       "</div>"
      ],
      "text/plain": [
       "Ticker       AKR       AMT       BSX          FSLR       GLD          GOVT  \\\n",
       "Ticker                                                                       \n",
       "AKR     0.000728  0.000188  0.000221  2.323556e-04  0.000010 -4.179648e-06   \n",
       "AMT     0.000188  0.000365  0.000155  1.651372e-04  0.000037  6.582075e-06   \n",
       "BSX     0.000221  0.000155  0.000315  1.461853e-04  0.000012 -9.039588e-06   \n",
       "FSLR    0.000232  0.000165  0.000146  1.075931e-03  0.000025  4.317094e-07   \n",
       "GLD     0.000010  0.000037  0.000012  2.549471e-05  0.000092  1.344543e-05   \n",
       "GOVT   -0.000004  0.000007 -0.000009  4.317094e-07  0.000013  1.546138e-05   \n",
       "ISRG    0.000218  0.000200  0.000259  2.352735e-04  0.000031 -1.949062e-06   \n",
       "JNJ     0.000081  0.000118  0.000096  4.827367e-05  0.000008 -5.079323e-06   \n",
       "NVDA    0.000168  0.000204  0.000221  3.666248e-04  0.000040 -4.419950e-06   \n",
       "SPOT    0.000142  0.000111  0.000125  2.913553e-04  0.000029  4.898428e-06   \n",
       "TSLA    0.000285  0.000190  0.000201  4.537616e-04  0.000035 -4.161588e-06   \n",
       "UNH     0.000155  0.000155  0.000161  8.899037e-05  0.000014 -9.378868e-06   \n",
       "\n",
       "Ticker      ISRG       JNJ      NVDA      SPOT      TSLA       UNH  \n",
       "Ticker                                                              \n",
       "AKR     0.000218  0.000081  0.000168  0.000142  0.000285  0.000155  \n",
       "AMT     0.000200  0.000118  0.000204  0.000111  0.000190  0.000155  \n",
       "BSX     0.000259  0.000096  0.000221  0.000125  0.000201  0.000161  \n",
       "FSLR    0.000235  0.000048  0.000367  0.000291  0.000454  0.000089  \n",
       "GLD     0.000031  0.000008  0.000040  0.000029  0.000035  0.000014  \n",
       "GOVT   -0.000002 -0.000005 -0.000004  0.000005 -0.000004 -0.000009  \n",
       "ISRG    0.000500  0.000109  0.000412  0.000290  0.000350  0.000185  \n",
       "JNJ     0.000109  0.000152  0.000065  0.000029  0.000048  0.000120  \n",
       "NVDA    0.000412  0.000065  0.001130  0.000503  0.000678  0.000186  \n",
       "SPOT    0.000290  0.000029  0.000503  0.000991  0.000491  0.000079  \n",
       "TSLA    0.000350  0.000048  0.000678  0.000491  0.001705  0.000163  \n",
       "UNH     0.000185  0.000120  0.000186  0.000079  0.000163  0.000344  "
      ]
     },
     "execution_count": 8,
     "metadata": {},
     "output_type": "execute_result"
    }
   ],
   "source": [
    "cov_matrix = log_returns.cov()\n",
    "cov_matrix"
   ]
  },
  {
   "cell_type": "markdown",
   "metadata": {},
   "source": [
    "**Correlation**"
   ]
  },
  {
   "cell_type": "code",
   "execution_count": 9,
   "metadata": {},
   "outputs": [
    {
     "data": {
      "text/html": [
       "<div>\n",
       "<style scoped>\n",
       "    .dataframe tbody tr th:only-of-type {\n",
       "        vertical-align: middle;\n",
       "    }\n",
       "\n",
       "    .dataframe tbody tr th {\n",
       "        vertical-align: top;\n",
       "    }\n",
       "\n",
       "    .dataframe thead th {\n",
       "        text-align: right;\n",
       "    }\n",
       "</style>\n",
       "<table border=\"1\" class=\"dataframe\">\n",
       "  <thead>\n",
       "    <tr style=\"text-align: right;\">\n",
       "      <th>Ticker</th>\n",
       "      <th>AKR</th>\n",
       "      <th>AMT</th>\n",
       "      <th>BSX</th>\n",
       "      <th>FSLR</th>\n",
       "      <th>GLD</th>\n",
       "      <th>GOVT</th>\n",
       "      <th>ISRG</th>\n",
       "      <th>JNJ</th>\n",
       "      <th>NVDA</th>\n",
       "      <th>SPOT</th>\n",
       "      <th>TSLA</th>\n",
       "      <th>UNH</th>\n",
       "    </tr>\n",
       "    <tr>\n",
       "      <th>Ticker</th>\n",
       "      <th></th>\n",
       "      <th></th>\n",
       "      <th></th>\n",
       "      <th></th>\n",
       "      <th></th>\n",
       "      <th></th>\n",
       "      <th></th>\n",
       "      <th></th>\n",
       "      <th></th>\n",
       "      <th></th>\n",
       "      <th></th>\n",
       "      <th></th>\n",
       "    </tr>\n",
       "  </thead>\n",
       "  <tbody>\n",
       "    <tr>\n",
       "      <th>AKR</th>\n",
       "      <td>1.000000</td>\n",
       "      <td>0.364078</td>\n",
       "      <td>0.460927</td>\n",
       "      <td>0.262457</td>\n",
       "      <td>0.039983</td>\n",
       "      <td>-0.039383</td>\n",
       "      <td>0.361686</td>\n",
       "      <td>0.244200</td>\n",
       "      <td>0.184857</td>\n",
       "      <td>0.167506</td>\n",
       "      <td>0.255480</td>\n",
       "      <td>0.309347</td>\n",
       "    </tr>\n",
       "    <tr>\n",
       "      <th>AMT</th>\n",
       "      <td>0.364078</td>\n",
       "      <td>1.000000</td>\n",
       "      <td>0.456142</td>\n",
       "      <td>0.263440</td>\n",
       "      <td>0.201560</td>\n",
       "      <td>0.087593</td>\n",
       "      <td>0.467911</td>\n",
       "      <td>0.501252</td>\n",
       "      <td>0.317561</td>\n",
       "      <td>0.184049</td>\n",
       "      <td>0.240742</td>\n",
       "      <td>0.438607</td>\n",
       "    </tr>\n",
       "    <tr>\n",
       "      <th>BSX</th>\n",
       "      <td>0.460927</td>\n",
       "      <td>0.456142</td>\n",
       "      <td>1.000000</td>\n",
       "      <td>0.251122</td>\n",
       "      <td>0.069594</td>\n",
       "      <td>-0.129538</td>\n",
       "      <td>0.651703</td>\n",
       "      <td>0.439168</td>\n",
       "      <td>0.369814</td>\n",
       "      <td>0.223678</td>\n",
       "      <td>0.274602</td>\n",
       "      <td>0.488687</td>\n",
       "    </tr>\n",
       "    <tr>\n",
       "      <th>FSLR</th>\n",
       "      <td>0.262457</td>\n",
       "      <td>0.263440</td>\n",
       "      <td>0.251122</td>\n",
       "      <td>1.000000</td>\n",
       "      <td>0.080838</td>\n",
       "      <td>0.003347</td>\n",
       "      <td>0.320753</td>\n",
       "      <td>0.119300</td>\n",
       "      <td>0.332504</td>\n",
       "      <td>0.282196</td>\n",
       "      <td>0.335023</td>\n",
       "      <td>0.146377</td>\n",
       "    </tr>\n",
       "    <tr>\n",
       "      <th>GLD</th>\n",
       "      <td>0.039983</td>\n",
       "      <td>0.201560</td>\n",
       "      <td>0.069594</td>\n",
       "      <td>0.080838</td>\n",
       "      <td>1.000000</td>\n",
       "      <td>0.355639</td>\n",
       "      <td>0.142345</td>\n",
       "      <td>0.069621</td>\n",
       "      <td>0.124508</td>\n",
       "      <td>0.097066</td>\n",
       "      <td>0.089165</td>\n",
       "      <td>0.080364</td>\n",
       "    </tr>\n",
       "    <tr>\n",
       "      <th>GOVT</th>\n",
       "      <td>-0.039383</td>\n",
       "      <td>0.087593</td>\n",
       "      <td>-0.129538</td>\n",
       "      <td>0.003347</td>\n",
       "      <td>0.355639</td>\n",
       "      <td>1.000000</td>\n",
       "      <td>-0.022166</td>\n",
       "      <td>-0.104713</td>\n",
       "      <td>-0.033440</td>\n",
       "      <td>0.039578</td>\n",
       "      <td>-0.025631</td>\n",
       "      <td>-0.128691</td>\n",
       "    </tr>\n",
       "    <tr>\n",
       "      <th>ISRG</th>\n",
       "      <td>0.361686</td>\n",
       "      <td>0.467911</td>\n",
       "      <td>0.651703</td>\n",
       "      <td>0.320753</td>\n",
       "      <td>0.142345</td>\n",
       "      <td>-0.022166</td>\n",
       "      <td>1.000000</td>\n",
       "      <td>0.396193</td>\n",
       "      <td>0.548689</td>\n",
       "      <td>0.411346</td>\n",
       "      <td>0.379575</td>\n",
       "      <td>0.447452</td>\n",
       "    </tr>\n",
       "    <tr>\n",
       "      <th>JNJ</th>\n",
       "      <td>0.244200</td>\n",
       "      <td>0.501252</td>\n",
       "      <td>0.439168</td>\n",
       "      <td>0.119300</td>\n",
       "      <td>0.069621</td>\n",
       "      <td>-0.104713</td>\n",
       "      <td>0.396193</td>\n",
       "      <td>1.000000</td>\n",
       "      <td>0.155725</td>\n",
       "      <td>0.073408</td>\n",
       "      <td>0.093391</td>\n",
       "      <td>0.524384</td>\n",
       "    </tr>\n",
       "    <tr>\n",
       "      <th>NVDA</th>\n",
       "      <td>0.184857</td>\n",
       "      <td>0.317561</td>\n",
       "      <td>0.369814</td>\n",
       "      <td>0.332504</td>\n",
       "      <td>0.124508</td>\n",
       "      <td>-0.033440</td>\n",
       "      <td>0.548689</td>\n",
       "      <td>0.155725</td>\n",
       "      <td>1.000000</td>\n",
       "      <td>0.475721</td>\n",
       "      <td>0.488778</td>\n",
       "      <td>0.298190</td>\n",
       "    </tr>\n",
       "    <tr>\n",
       "      <th>SPOT</th>\n",
       "      <td>0.167506</td>\n",
       "      <td>0.184049</td>\n",
       "      <td>0.223678</td>\n",
       "      <td>0.282196</td>\n",
       "      <td>0.097066</td>\n",
       "      <td>0.039578</td>\n",
       "      <td>0.411346</td>\n",
       "      <td>0.073408</td>\n",
       "      <td>0.475721</td>\n",
       "      <td>1.000000</td>\n",
       "      <td>0.377486</td>\n",
       "      <td>0.134918</td>\n",
       "    </tr>\n",
       "    <tr>\n",
       "      <th>TSLA</th>\n",
       "      <td>0.255480</td>\n",
       "      <td>0.240742</td>\n",
       "      <td>0.274602</td>\n",
       "      <td>0.335023</td>\n",
       "      <td>0.089165</td>\n",
       "      <td>-0.025631</td>\n",
       "      <td>0.379575</td>\n",
       "      <td>0.093391</td>\n",
       "      <td>0.488778</td>\n",
       "      <td>0.377486</td>\n",
       "      <td>1.000000</td>\n",
       "      <td>0.212625</td>\n",
       "    </tr>\n",
       "    <tr>\n",
       "      <th>UNH</th>\n",
       "      <td>0.309347</td>\n",
       "      <td>0.438607</td>\n",
       "      <td>0.488687</td>\n",
       "      <td>0.146377</td>\n",
       "      <td>0.080364</td>\n",
       "      <td>-0.128691</td>\n",
       "      <td>0.447452</td>\n",
       "      <td>0.524384</td>\n",
       "      <td>0.298190</td>\n",
       "      <td>0.134918</td>\n",
       "      <td>0.212625</td>\n",
       "      <td>1.000000</td>\n",
       "    </tr>\n",
       "  </tbody>\n",
       "</table>\n",
       "</div>"
      ],
      "text/plain": [
       "Ticker       AKR       AMT       BSX      FSLR       GLD      GOVT      ISRG  \\\n",
       "Ticker                                                                         \n",
       "AKR     1.000000  0.364078  0.460927  0.262457  0.039983 -0.039383  0.361686   \n",
       "AMT     0.364078  1.000000  0.456142  0.263440  0.201560  0.087593  0.467911   \n",
       "BSX     0.460927  0.456142  1.000000  0.251122  0.069594 -0.129538  0.651703   \n",
       "FSLR    0.262457  0.263440  0.251122  1.000000  0.080838  0.003347  0.320753   \n",
       "GLD     0.039983  0.201560  0.069594  0.080838  1.000000  0.355639  0.142345   \n",
       "GOVT   -0.039383  0.087593 -0.129538  0.003347  0.355639  1.000000 -0.022166   \n",
       "ISRG    0.361686  0.467911  0.651703  0.320753  0.142345 -0.022166  1.000000   \n",
       "JNJ     0.244200  0.501252  0.439168  0.119300  0.069621 -0.104713  0.396193   \n",
       "NVDA    0.184857  0.317561  0.369814  0.332504  0.124508 -0.033440  0.548689   \n",
       "SPOT    0.167506  0.184049  0.223678  0.282196  0.097066  0.039578  0.411346   \n",
       "TSLA    0.255480  0.240742  0.274602  0.335023  0.089165 -0.025631  0.379575   \n",
       "UNH     0.309347  0.438607  0.488687  0.146377  0.080364 -0.128691  0.447452   \n",
       "\n",
       "Ticker       JNJ      NVDA      SPOT      TSLA       UNH  \n",
       "Ticker                                                    \n",
       "AKR     0.244200  0.184857  0.167506  0.255480  0.309347  \n",
       "AMT     0.501252  0.317561  0.184049  0.240742  0.438607  \n",
       "BSX     0.439168  0.369814  0.223678  0.274602  0.488687  \n",
       "FSLR    0.119300  0.332504  0.282196  0.335023  0.146377  \n",
       "GLD     0.069621  0.124508  0.097066  0.089165  0.080364  \n",
       "GOVT   -0.104713 -0.033440  0.039578 -0.025631 -0.128691  \n",
       "ISRG    0.396193  0.548689  0.411346  0.379575  0.447452  \n",
       "JNJ     1.000000  0.155725  0.073408  0.093391  0.524384  \n",
       "NVDA    0.155725  1.000000  0.475721  0.488778  0.298190  \n",
       "SPOT    0.073408  0.475721  1.000000  0.377486  0.134918  \n",
       "TSLA    0.093391  0.488778  0.377486  1.000000  0.212625  \n",
       "UNH     0.524384  0.298190  0.134918  0.212625  1.000000  "
      ]
     },
     "execution_count": 9,
     "metadata": {},
     "output_type": "execute_result"
    }
   ],
   "source": [
    "correlation = log_returns.corr()\n",
    "correlation"
   ]
  },
  {
   "cell_type": "code",
   "execution_count": 10,
   "metadata": {},
   "outputs": [
    {
     "data": {
